-------------------------------------------------------------------------------------
| Номер       | Квант       | Суммарное   | Номер       | Время       | Оставшееся  |
| итерации    | времени ЦП  | доступное   | выбранного  | выбранного  | время ЦП    |
|             |             | время ЦП    | процесса    | процесса    |             |
-------------------------------------------------------------------------------------
| 1           | 4           | 4           | 16          | 3           | 1           |
-------------------------------------------------------------------------------------
|             |             | 1           | 1           | 1           | 0           |
-------------------------------------------------------------------------------------
| 2           | 1           | 1           | -           | -           | 1           |
-------------------------------------------------------------------------------------
| 3           | 27          | 28          | 14          | 28          | 0           |
-------------------------------------------------------------------------------------
| 4           | 39          | 39          | 23          | 39          | 0           |
-------------------------------------------------------------------------------------
| 5           | 18          | 18          | 5           | 16          | 2           |
-------------------------------------------------------------------------------------
| 6           | 13          | 15          | 6           | 10          | 5           |
-------------------------------------------------------------------------------------
|             |             | 5           | 7           | 5           | 0           |
-------------------------------------------------------------------------------------
| 7           | 13          | 13          | 11          | 5           | 8           |
-------------------------------------------------------------------------------------
| 8           | 27          | 35          | 9           | 35          | 0           |
-------------------------------------------------------------------------------------
| 9           | 32          | 32          | 20          | 31          | 1           |
-------------------------------------------------------------------------------------
| 10          | 12          | 13          | -           | -           | 13          |
-------------------------------------------------------------------------------------
| 11          | 10          | 23          | 21          | 23          | 0           |
-------------------------------------------------------------------------------------
| 12          | 17          | 17          | -           | -           | 17          |
-------------------------------------------------------------------------------------
| 13          | 8           | 25          | -           | -           | 25          |
-------------------------------------------------------------------------------------
| 14          | 26          | 51          | 18          | 50          | 1           |
-------------------------------------------------------------------------------------
| 15          | 26          | 27          | 12          | 27          | 0           |
-------------------------------------------------------------------------------------
| 16          | 26          | 26          | -           | -           | 26          |
-------------------------------------------------------------------------------------
| 17          | 23          | 49          | 13          | 49          | 0           |
-------------------------------------------------------------------------------------
| 18          | 10          | 10          | -           | -           | 10          |
-------------------------------------------------------------------------------------
| 19          | 43          | 53          | 22          | 50          | 3           |
-------------------------------------------------------------------------------------
| 20          | 34          | 37          | 24          | 34          | 3           |
-------------------------------------------------------------------------------------
| 21          | 35          | 38          | 3           | 33          | 5           |
-------------------------------------------------------------------------------------
| 22          | 46          | 51          | 17          | 48          | 3           |
-------------------------------------------------------------------------------------
| 23          | 37          | 40          | 19          | 40          | 0           |
-------------------------------------------------------------------------------------
| 24          | 40          | 40          | 25          | 39          | 1           |
-------------------------------------------------------------------------------------
| 25          | 2           | 3           | -           | -           | 3           |
-------------------------------------------------------------------------------------
| 26          | 13          | 16          | -           | -           | 16          |
-------------------------------------------------------------------------------------
| 27          | 30          | 46          | 2           | 44          | 2           |
-------------------------------------------------------------------------------------
| 28          | 29          | 31          | 10          | 29          | 2           |
-------------------------------------------------------------------------------------
| 29          | 49          | 51          | 4           | 48          | 3           |
-------------------------------------------------------------------------------------
| 30          | 14          | 17          | -           | -           | 17          |
-------------------------------------------------------------------------------------
| 31          | 30          | 47          | 8           | 42          | 5           |
-------------------------------------------------------------------------------------
| 32          | 33          | 38          | -           | -           | 38          |
-------------------------------------------------------------------------------------
| 33          | 36          | 74          | 15          | 42          | 32          |
-------------------------------------------------------------------------------------
